LinearRegression: 0.62315
SGDRegressor: 0.5967141185648908
SVR: -3.3111627890058886
KNeighborsRegressor: 0.9514694955530272